2177 2064 145159
2782 2045 136374
9973 1619 140426
9844 1593 147340
5165 1680 148988
1240 2180 147651
2775 1946 139897
5869 1149 136389
9629 1791 138338
4720 1834 136371
694 2067 139862
4698 1280 138656
507 1811 138995
9816 1829 138260
798 2136 142660
410 1973 136455
471 1963 138405
4097 1987 137014
904 1964 138338
9807 1754 136047
7028 1239 137450
4491 486 141426
4958 1159 136214
4673 1520 138289
4631 1068 135866
6423 1919 138086
6828 1251 135973
5964 1166 137030
6828 1504 139307
5454 734 136142
4778 1819 138332
5560 741 136495
5301 1210 139279
8151 2368 136252
7059 1951 139810
5842 969 139055
5843 865 139947
5185 1241 139437
5501 995 136560
5075 1200 136322
8308 1106 138970
4644 1442 138408
5225 1629 137326
6303 1275 142805
8616 1483 136502
7877 1628 138179
5881 646 137466
5642 2446 135947
5214 968 138690
5085 849 138222
5013 1130 136647
6124 848 147979
5674 1188 141128
8613 1219 144559
6159 979 140171
5831 1042 138143
4904 1436 143879
5212 1176 143658
7238 460 137733
6835 619 139641
5279 1209 137288
8403 732 137183
6561 832 139948
6322 627 138991
5636 980 141061
6406 1085 140682
5391 1189 137372
6858 1205 137723
7218 1251 140658
5878 1943 140522
6125 280 144515
5827 1254 148028
934 2210 137337
6854 1573 137446
7365 986 139862
6554 1416 137673
7904 1648 137461
8579 2177 140450
9209 1551 138081
8070 743 139820
7452 987 139633
3087 1969 137462
91 2001 137488
6006 1161 142404
8895 1359 139514
8726 1753 139414
9152 1673 139838
7723 683 138202
7099 399 137713
7628 690 139757
9259 310 137039
8897 1916 137435
8357 954 138456
8979 1433 169787
8420 977 143393
1186 2188 137170
7513 2146 139170
8826 1515 155365
5811 787 138313
8083 1246 139699
