7397 0.188541 14057456
7398 0.120662 11768417
966 5e-05 189862
7398 0.114633 9733961
7398 0.22985 11826924
7397 0.160084 8311535
7398 0.204944 8561453
4015 0.000111803 190430
7398 0.138686 13753444
7398 0.155314 9693399
5618 1.10999 2756897
2545 0.00018 124820
7393 0.170772 8657494
1706 1.61847 5244792
6156 0.717941 4040801
5227 1.18791 3719967
2766 0.0135078 191309
4847 1.2381 4355106
2770 0 198304
5227 1.72631 7322494
4863 0.000624403 806725
5227 1.69238 7587016
5227 1.56723 7091534
5227 1.26886 4817183
6873 0.0156884 484080
5227 1.52664 6230858
5227 1.94125 8528543
5227 1.76079 9152729
5227 1.52504 5587970
1717 2.30047 12318018
3730 1.69581 10325904
3731 1.55592 10823366
3721 1.65766 10507179
1717 1.90402 8424812
1717 1.67589 10783119
3723 0.0411006 268699
4806 0.0079432 127473
3730 2.26066 13810500
4970 0.000308058 127691
3741 1.82119 15486857
6871 1e-05 128698
1894 2.35413 15022277
3730 2.05466 12430501
353 0.00805658 267959
1310 0.000223607 128692
3731 0.987684 5079347
2912 2e-05 200442
1345 0.00348914 127605
281 0.000948683 127402
1894 2.56809 15360207
4973 2e-05 128689
1894 2.18242 15797681
3730 1.75359 14375618
1894 2.76439 15295040
4954 0.000107703 122595
2902 1.50616 9319213
3730 2.41451 14436806
5004 0.000156205 127660
3730 2.35463 14143387
4902 1e-05 124144
1717 1.77789 11579999
4806 0.0112136 126018
1741 0.17668 1865665
3742 0.77132 6110121
2866 0.000513275 261310
4918 0.0004272 121499
3732 2.54685 13838620
4970 0.00010198 121571
4914 0 125172
1717 2.01215 9528880
4821 0.00387451 191078
3730 2.2846 15839335
4986 1e-05 121800
1894 2.73147 14986705
6865 0.0001 125672
1894 2.50962 14411797
6865 5e-05 124590
3730 1.84999 11526559
473 0.00225594 2062431
2084 0.00161576 1026960
5783 0.684096 10712408
5764 0.69319 13402574
2088 0.0277422 758893
5760 0.474025 5968640
5764 0.379709 10757815
5766 3.34376 14180961
5764 0.386047 9277954
